------Register to Register---------
0000000000000000000000000000000000
0000000100000000000000000000000000
0000001000000000000000000000000000
0000001100000000000000000000000000
0000010000000000000000000000000000
0000010100000000000000000000000000
0000011000000000000000000000000000
0000011100000000000000000000000000
0000100000000000000000000000000000
0000100100000000000000000000000000
0000101000000000000000000000000000
0000101100000000000000000000000000
0000110000000000000000000000000000
0000110100000000000000000000000000
------Register to Immediate---------
0010000100000000000000000000000000
0010001000000000000000000000000000
0010011100000000000000000000000000
0010100000000000000000000000000000
0010100100000000000000000000000000
0010101000000000000000000000000000
0010101100000000000000000000000000
0010110000000000000000000000000000
0010110100000000000000000000000000
------Data Memory-------------------
0100000000000000000000000000000000
0100000100000000000000000000000000
------Register to IMM/Kernel Memory--------
0110000000000000000000000000000000
0110001000000000000000000000000000
0110001100000000000000000000000000
0110010000000000000000000000000000
0110010100000000000000000000000000
0110011000000000000000000000000000
0110011100000000000000000000000000
0110100000000000000000000000000000
0110100100000000000000000000000000
0110101000000000000000000000000000
0110101100000000000000000000000000
0110110100000000000000000000000000
0110111000000000000000000000000000
